systolic
0 400
124.0
131.0
122.0
124.0
133.0
123.0
121.0
134.0
112.0
125.0
138.0
113.0
137.0
123.0
126.0
134.0
128.0
114.0
113.0
113.0
129.0
122.0
132.0
126.0
120.0
130.0
118.0
140.0
124.0
113.0
111.0
123.0
118.0
135.0
123.0
129.0
113.0
119.0
126.0
136.0
131.0
110.0
121.0
122.0
123.0
121.0
120.0
111.0
122.0
124.0
138.0
137.0
109.0
112.0
123.0
123.0
133.0
145.0
124.0
128.0
127.0
124.0
127.0
125.0
114.0
118.0
116.0
120.0
137.0
109.0
125.0
109.0
116.0
128.0
120.0
111.0
114.0
125.0
114.0
131.0
120.0
115.0
136.0
124.0
119.0
121.0
125.0
126.0
114.0
119.0
123.0
126.0
110.0
117.0
126.0
115.0
133.0
133.0
120.0
126.0
145.0
127.0
109.0
116.0
129.0
114.0
123.0
125.0
113.0
119.0
109.0
112.0
118.0
110.0
132.0
109.0
126.0
120.0
130.0
109.0
128.0
120.0
112.0
123.0
131.0
115.0
130.0
117.0
120.0
134.0
131.0
110.0
145.0
109.0
128.0
124.0
122.0
115.0
118.0
116.0
115.0
136.0
122.0
114.0
126.0
122.0
136.0
124.0
123.0
115.0
125.0
134.0
119.0
120.0
129.0
115.0
124.0
128.0
128.0
128.0
126.0
126.0
139.0
120.0
125.0
117.0
132.0
119.0
120.0
124.0
113.0
135.0
112.0
110.0
138.0
125.0
124.0
124.0
119.0
113.0
130.0
114.0
127.0
128.0
123.0
117.0
123.0
115.0
123.0
121.0
121.0
116.0
116.0
121.0
119.0
119.0
124.0
128.0
132.0
131.0
126.0
118.0
119.0
122.0
119.0
117.0
122.0
113.0
133.0
131.0
119.0
123.0
125.0
126.0
121.0
120.0
120.0
114.0
120.0
123.0
130.0
127.0
136.0
124.0
126.0
121.0
136.0
113.0
123.0
115.0
109.0
116.0
124.0
121.0
122.0
144.0
137.0
115.0
113.0
123.0
110.0
133.0
138.0
126.0
109.0
130.0
119.0
129.0
109.0
115.0
120.0
120.0
116.0
124.0
111.0
118.0
130.0
123.0
135.0
111.0
109.0
129.0
122.0
114.0
131.0
120.0
128.0
130.0
135.0
133.0
128.0
137.0
124.0
130.0
122.0
125.0
137.0
109.0
111.0
109.0
117.0
125.0
131.0
120.0
142.0
109.0
109.0
129.0
122.0
119.0
109.0
119.0
110.0
135.0
122.0
112.0
116.0
112.0
119.0
127.0
122.0
133.0
116.0
124.0
129.0
112.0
115.0
111.0
144.0
120.0
114.0
121.0
129.0
118.0
124.0
125.0
116.0
115.0
127.0
119.0
109.0
130.0
132.0
118.0
124.0
132.0
143.0
128.0
129.0
112.0
109.0
131.0
114.0
109.0
115.0
111.0
132.0
126.0
129.0
131.0
130.0
113.0
131.0
124.0
112.0
128.0
123.0
109.0
136.0
134.0
109.0
124.0
115.0
126.0
115.0
113.0
130.0
113.0
122.0
119.0
128.0
113.0
115.0
135.0
123.0
112.0
120.0
125.0
109.0
124.0
115.0
124.0
114.0
109.0
109.0
120.0
121.0
113.0
124.0
109.0
119.0
110.0
115.0
120.0
113.0
117.0
127.0
115.0
126.0
121.0
123.0
130.0
109.0
124.0
134.0
118.0
132.0
125.0
130.0
118.0
