steps
0 400
8539.0
18754.0
2857.0
6886.0
14945.0
9485.0
15680.0
18767.0
16397.0
12744.0
6334.0
14226.0
15440.0
17020.0
6251.0
14180.0
18140.0
2922.0
9957.0
17796.0
3230.0
12627.0
12006.0
6933.0
16295.0
18377.0
2203.0
18544.0
17899.0
5748.0
8718.0
3093.0
17228.0
18034.0
7710.0
11732.0
5191.0
2689.0
4103.0
2365.0
16010.0
13767.0
18103.0
14742.0
14391.0
6172.0
17623.0
4378.0
19589.0
14031.0
7669.0
4735.0
11867.0
10490.0
2956.0
11306.0
8623.0
16908.0
19858.0
6460.0
15986.0
14638.0
4850.0
15299.0
12698.0
6594.0
16282.0
18285.0
16334.0
8644.0
4850.0
16933.0
2165.0
12701.0
2919.0
10305.0
19375.0
17715.0
5839.0
19642.0
13618.0
15519.0
12776.0
2067.0
11788.0
7660.0
6478.0
10210.0
12922.0
5521.0
2572.0
9082.0
7395.0
17407.0
13094.0
2650.0
7741.0
15281.0
8838.0
5262.0
19722.0
6996.0
13826.0
4827.0
16211.0
7232.0
4217.0
16232.0
16026.0
15878.0
8837.0
9031.0
16806.0
5716.0
5414.0
19832.0
2570.0
15288.0
2917.0
12066.0
8982.0
8336.0
18999.0
11941.0
14380.0
13667.0
6529.0
19519.0
14192.0
10566.0
9226.0
7162.0
18590.0
3319.0
3141.0
6627.0
16501.0
4690.0
9323.0
5255.0
7213.0
6108.0
11802.0
13413.0
16995.0
14583.0
7021.0
8582.0
15455.0
15117.0
19359.0
3262.0
9382.0
5327.0
12020.0
19641.0
18848.0
16062.0
8774.0
17160.0
3230.0
11076.0
5805.0
16715.0
7750.0
17627.0
15232.0
5135.0
8953.0
3546.0
17457.0
19478.0
4411.0
16113.0
6145.0
4775.0
15193.0
14851.0
15070.0
5970.0
16119.0
6331.0
12295.0
3942.0
18575.0
15404.0
2861.0
11275.0
19033.0
6134.0
13803.0
17408.0
19420.0
18351.0
6131.0
14057.0
13349.0
13486.0
7457.0
8079.0
14453.0
14158.0
17735.0
17830.0
17125.0
13905.0
14298.0
4011.0
5373.0
12335.0
12692.0
16527.0
14773.0
3289.0
3447.0
16139.0
15757.0
7462.0
9657.0
6920.0
12345.0
10417.0
19160.0
7208.0
2687.0
18913.0
15223.0
10080.0
11486.0
8094.0
9692.0
13088.0
5103.0
4440.0
9124.0
19228.0
16031.0
16536.0
2446.0
5915.0
17787.0
19618.0
8587.0
2226.0
13151.0
7558.0
13971.0
2186.0
16680.0
16559.0
13069.0
4535.0
3932.0
4032.0
3252.0
7509.0
7074.0
15900.0
16523.0
3881.0
2269.0
3630.0
19958.0
15383.0
18152.0
13084.0
3695.0
16821.0
5262.0
3445.0
18436.0
11949.0
8901.0
2719.0
10597.0
8855.0
10263.0
16520.0
13874.0
16079.0
19082.0
9243.0
11018.0
18732.0
14100.0
18691.0
6820.0
13001.0
15907.0
13669.0
17916.0
12878.0
4985.0
10112.0
10467.0
2336.0
12165.0
14768.0
5968.0
2910.0
17632.0
18279.0
5129.0
7447.0
8129.0
7850.0
9446.0
13949.0
10519.0
2314.0
13737.0
3134.0
12938.0
17588.0
10347.0
7592.0
19270.0
12997.0
2721.0
11104.0
2870.0
8751.0
18881.0
3756.0
3117.0
13601.0
4828.0
16996.0
15878.0
8992.0
15778.0
8771.0
18526.0
5435.0
8622.0
14852.0
16806.0
12623.0
3848.0
4696.0
3717.0
11259.0
4786.0
16154.0
15409.0
5791.0
5871.0
3806.0
19888.0
15304.0
17549.0
5303.0
18061.0
17198.0
19888.0
12655.0
10924.0
11940.0
5924.0
11783.0
6485.0
14629.0
15233.0
14901.0
2191.0
6917.0
7831.0
12160.0
15682.0
14391.0
3874.0
11062.0
6763.0
12234.0
11221.0
13410.0
16519.0
3051.0
14225.0
11765.0
13382.0
14580.0
13989.0
13939.0
2307.0
5359.0
5176.0
3251.0
7366.0
19901.0
8226.0
16330.0
6891.0
6992.0
3961.0
14497.0
12848.0
15255.0
6567.0
18079.0
