PhysicalACt
0 400
41.0
41.0
107.0
20.0
19.0
24.0
26.0
49.0
27.0
64.0
82.0
34.0
113.0
68.0
87.0
98.0
31.0
39.0
93.0
94.0
53.0
41.0
60.0
55.0
30.0
108.0
41.0
103.0
48.0
21.0
114.0
56.0
27.0
30.0
22.0
30.0
17.0
55.0
113.0
119.0
16.0
32.0
117.0
105.0
84.0
95.0
31.0
116.0
98.0
31.0
101.0
38.0
22.0
91.0
11.0
38.0
94.0
88.0
61.0
36.0
59.0
104.0
88.0
32.0
97.0
53.0
86.0
31.0
52.0
46.0
70.0
106.0
65.0
12.0
72.0
28.0
32.0
38.0
39.0
48.0
117.0
120.0
34.0
110.0
120.0
17.0
115.0
67.0
25.0
81.0
10.0
117.0
14.0
12.0
74.0
13.0
113.0
108.0
105.0
73.0
115.0
107.0
116.0
98.0
19.0
30.0
55.0
112.0
100.0
36.0
75.0
50.0
22.0
18.0
45.0
95.0
115.0
99.0
67.0
63.0
21.0
90.0
87.0
23.0
43.0
62.0
29.0
84.0
25.0
104.0
79.0
65.0
92.0
110.0
67.0
13.0
120.0
13.0
29.0
19.0
33.0
108.0
35.0
46.0
111.0
94.0
63.0
113.0
112.0
30.0
83.0
47.0
55.0
13.0
69.0
66.0
54.0
29.0
26.0
80.0
13.0
102.0
23.0
12.0
97.0
110.0
89.0
67.0
64.0
13.0
33.0
43.0
39.0
91.0
28.0
40.0
69.0
69.0
28.0
58.0
72.0
119.0
92.0
31.0
33.0
118.0
85.0
39.0
67.0
111.0
40.0
109.0
73.0
28.0
57.0
54.0
109.0
103.0
64.0
64.0
106.0
27.0
72.0
101.0
56.0
84.0
66.0
54.0
42.0
26.0
79.0
13.0
29.0
56.0
100.0
24.0
79.0
56.0
87.0
84.0
112.0
18.0
99.0
25.0
78.0
70.0
19.0
59.0
12.0
86.0
116.0
103.0
118.0
79.0
90.0
118.0
60.0
28.0
51.0
44.0
55.0
35.0
78.0
102.0
73.0
46.0
93.0
58.0
30.0
83.0
73.0
14.0
109.0
79.0
99.0
13.0
112.0
48.0
44.0
10.0
33.0
66.0
109.0
79.0
50.0
63.0
55.0
69.0
117.0
69.0
66.0
40.0
93.0
33.0
98.0
45.0
94.0
39.0
33.0
117.0
115.0
39.0
95.0
101.0
16.0
44.0
64.0
101.0
23.0
19.0
89.0
25.0
63.0
104.0
115.0
98.0
86.0
79.0
53.0
82.0
54.0
109.0
65.0
116.0
93.0
91.0
116.0
66.0
30.0
77.0
59.0
42.0
100.0
16.0
79.0
24.0
91.0
41.0
84.0
29.0
97.0
24.0
57.0
80.0
30.0
51.0
35.0
117.0
23.0
66.0
46.0
67.0
30.0
91.0
78.0
12.0
96.0
99.0
46.0
97.0
58.0
28.0
98.0
94.0
21.0
70.0
50.0
42.0
59.0
77.0
115.0
80.0
95.0
42.0
90.0
33.0
70.0
70.0
107.0
37.0
67.0
52.0
50.0
48.0
95.0
58.0
26.0
107.0
79.0
119.0
79.0
107.0
74.0
83.0
94.0
14.0
11.0
31.0
66.0
75.0
83.0
107.0
25.0
60.0
48.0
95.0
85.0
97.0
120.0
49.0
47.0
69.0
68.0
19.0
108.0
73.0
72.0
58.0
73.0
41.0
