steps
0 374
4200.0
10000.0
10000.0
3000.0
3000.0
3000.0
3500.0
8000.0
8000.0
8000.0
8000.0
8000.0
8000.0
8000.0
8000.0
8000.0
4000.0
8000.0
4000.0
8000.0
8000.0
8000.0
8000.0
8000.0
8000.0
8000.0
8000.0
8000.0
8000.0
8000.0
4100.0
4100.0
6800.0
5000.0
8000.0
5000.0
5000.0
8000.0
8000.0
8000.0
8000.0
8000.0
8000.0
8000.0
8000.0
8000.0
8000.0
8000.0
8000.0
8000.0
8000.0
8000.0
5000.0
8000.0
5000.0
5000.0
8000.0
5000.0
5000.0
8000.0
5000.0
5000.0
5000.0
5000.0
5000.0
5000.0
7000.0
5000.0
5500.0
5500.0
5000.0
5000.0
5000.0
5000.0
5000.0
5000.0
5000.0
5000.0
5000.0
5000.0
5200.0
5200.0
5600.0
5600.0
8000.0
7000.0
5000.0
5000.0
5000.0
5000.0
5000.0
5000.0
8000.0
3300.0
7000.0
7000.0
7000.0
7000.0
7000.0
7000.0
7000.0
7000.0
7000.0
4800.0
7000.0
4800.0
4200.0
7000.0
7000.0
8000.0
7000.0
8000.0
7000.0
8000.0
7000.0
7000.0
7000.0
7000.0
7000.0
7000.0
7000.0
7000.0
7000.0
7000.0
7000.0
8000.0
8000.0
7000.0
8000.0
8000.0
7000.0
8000.0
8000.0
7000.0
8000.0
8000.0
7000.0
8000.0
7000.0
8000.0
7000.0
8000.0
7000.0
7000.0
8000.0
3300.0
8000.0
4000.0
5500.0
7500.0
7500.0
8000.0
8000.0
8000.0
8000.0
8000.0
8000.0
8000.0
8000.0
8000.0
8000.0
7300.0
7300.0
8000.0
8000.0
8000.0
6200.0
6000.0
6000.0
8000.0
8000.0
8000.0
8000.0
8000.0
8000.0
8000.0
8000.0
6000.0
8000.0
8000.0
8000.0
8000.0
8000.0
8000.0
5000.0
5000.0
6000.0
6000.0
6000.0
6000.0
6000.0
6000.0
6000.0
6000.0
6000.0
6000.0
6000.0
6000.0
6000.0
6000.0
6000.0
8000.0
8000.0
6800.0
6800.0
8000.0
8000.0
8000.0
8000.0
8000.0
8000.0
8000.0
8000.0
8000.0
8000.0
8000.0
8000.0
8000.0
8000.0
6000.0
6000.0
6000.0
6000.0
6000.0
6000.0
6000.0
6000.0
6000.0
6000.0
6000.0
6000.0
6000.0
6000.0
6000.0
6000.0
6000.0
6000.0
6000.0
6000.0
6000.0
6000.0
6000.0
6000.0
6000.0
6000.0
6000.0
6000.0
5000.0
6000.0
6000.0
6000.0
6000.0
6000.0
6000.0
6000.0
6000.0
6000.0
6000.0
6000.0
6000.0
6000.0
6000.0
6000.0
5500.0
3500.0
10000.0
3500.0
10000.0
10000.0
10000.0
10000.0
10000.0
10000.0
10000.0
10000.0
10000.0
3700.0
3700.0
10000.0
5000.0
10000.0
10000.0
10000.0
10000.0
10000.0
10000.0
10000.0
10000.0
10000.0
10000.0
10000.0
10000.0
10000.0
10000.0
10000.0
10000.0
10000.0
10000.0
5000.0
5000.0
5000.0
5000.0
6000.0
10000.0
10000.0
10000.0
6000.0
6000.0
6000.0
6000.0
6000.0
6000.0
5000.0
5000.0
5000.0
5000.0
5000.0
5000.0
5000.0
5000.0
5000.0
5000.0
5000.0
5000.0
5000.0
5000.0
5000.0
5000.0
5000.0
5000.0
5000.0
5000.0
5000.0
5000.0
5000.0
5000.0
5000.0
5000.0
5000.0
5000.0
5000.0
10000.0
10000.0
7000.0
7000.0
7000.0
7000.0
7000.0
7000.0
7000.0
7000.0
7000.0
7000.0
7000.0
7000.0
7000.0
7000.0
7000.0
7000.0
7000.0
7000.0
7000.0
7000.0
7000.0
7000.0
7000.0
7000.0
7000.0
7000.0
7000.0
7000.0
7000.0
7000.0
7000.0
