heartrate
0 400
91.0
81.0
81.0
55.0
97.0
87.0
66.0
59.0
99.0
76.0
99.0
84.0
70.0
74.0
77.0
96.0
64.0
53.0
78.0
58.0
76.0
75.0
68.0
77.0
66.0
92.0
90.0
91.0
99.0
69.0
94.0
89.0
88.0
98.0
72.0
96.0
81.0
96.0
82.0
95.0
54.0
92.0
97.0
83.0
89.0
60.0
99.0
52.0
82.0
60.0
65.0
67.0
79.0
97.0
59.0
67.0
87.0
68.0
85.0
62.0
95.0
52.0
59.0
87.0
50.0
76.0
95.0
57.0
100.0
95.0
91.0
66.0
58.0
55.0
92.0
74.0
88.0
98.0
77.0
82.0
86.0
58.0
67.0
70.0
51.0
92.0
87.0
89.0
85.0
99.0
92.0
86.0
64.0
77.0
67.0
83.0
71.0
60.0
62.0
53.0
71.0
56.0
92.0
73.0
53.0
77.0
64.0
50.0
52.0
63.0
87.0
99.0
50.0
87.0
87.0
70.0
97.0
78.0
54.0
98.0
59.0
77.0
70.0
99.0
56.0
52.0
94.0
96.0
69.0
68.0
84.0
53.0
54.0
50.0
53.0
61.0
76.0
91.0
72.0
74.0
70.0
73.0
74.0
94.0
95.0
81.0
81.0
54.0
85.0
95.0
91.0
98.0
91.0
88.0
65.0
82.0
98.0
70.0
58.0
55.0
100.0
94.0
84.0
88.0
71.0
90.0
54.0
91.0
72.0
66.0
61.0
72.0
65.0
52.0
79.0
71.0
58.0
78.0
96.0
86.0
72.0
62.0
81.0
95.0
96.0
97.0
72.0
94.0
66.0
89.0
70.0
51.0
86.0
55.0
93.0
67.0
79.0
71.0
82.0
79.0
66.0
92.0
81.0
91.0
100.0
63.0
59.0
96.0
100.0
85.0
83.0
58.0
91.0
77.0
60.0
63.0
88.0
96.0
68.0
64.0
77.0
73.0
57.0
92.0
58.0
96.0
82.0
82.0
68.0
52.0
59.0
89.0
96.0
91.0
50.0
78.0
99.0
83.0
100.0
62.0
50.0
83.0
78.0
97.0
96.0
62.0
97.0
98.0
78.0
88.0
73.0
75.0
66.0
56.0
62.0
54.0
75.0
98.0
52.0
56.0
98.0
88.0
50.0
98.0
66.0
92.0
74.0
52.0
64.0
78.0
92.0
81.0
75.0
65.0
74.0
77.0
58.0
50.0
78.0
71.0
65.0
90.0
100.0
93.0
100.0
90.0
56.0
63.0
78.0
68.0
68.0
51.0
90.0
94.0
64.0
52.0
60.0
95.0
79.0
89.0
67.0
100.0
97.0
51.0
81.0
57.0
71.0
55.0
61.0
96.0
89.0
85.0
64.0
77.0
98.0
94.0
67.0
51.0
62.0
94.0
64.0
69.0
78.0
91.0
78.0
52.0
68.0
52.0
63.0
89.0
53.0
60.0
80.0
92.0
81.0
76.0
79.0
92.0
51.0
98.0
58.0
77.0
80.0
83.0
64.0
97.0
74.0
85.0
57.0
58.0
86.0
97.0
94.0
88.0
81.0
66.0
84.0
86.0
68.0
93.0
78.0
56.0
77.0
58.0
77.0
55.0
78.0
66.0
65.0
72.0
80.0
52.0
70.0
75.0
85.0
91.0
86.0
71.0
91.0
61.0
91.0
62.0
60.0
65.0
57.0
89.0
89.0
94.0
51.0
79.0
79.0
61.0
59.0
93.0
60.0
64.0
65.0
66.0
75.0
51.0
