sleepDuration
0 374
6.1
6.2
6.2
5.9
5.9
5.9
6.3
7.8
7.8
7.8
6.1
7.8
6.1
6.0
6.0
6.0
6.5
6.0
6.5
7.6
7.7
7.7
7.7
7.7
7.8
7.9
7.8
7.9
7.9
7.9
6.4
6.4
7.9
6.1
7.7
6.1
6.1
7.6
7.6
7.6
7.7
7.7
7.7
7.8
7.7
7.8
7.7
7.8
7.7
7.7
7.5
7.5
6.0
7.6
6.0
6.0
7.7
6.0
6.0
7.7
6.0
6.0
6.2
6.2
6.2
6.2
7.2
6.0
6.2
6.2
6.1
6.1
6.1
6.1
6.0
6.0
6.0
6.0
6.0
6.0
5.8
5.8
6.7
6.7
7.5
7.2
7.2
7.2
7.3
7.3
7.3
7.3
7.5
7.4
7.2
7.1
7.2
7.1
7.1
7.1
7.2
7.2
7.2
6.6
7.2
6.6
6.1
7.8
7.8
7.4
7.2
7.4
7.2
7.4
7.2
7.2
7.2
7.2
7.2
7.2
7.2
7.2
7.2
7.2
7.2
7.5
7.3
7.1
7.3
7.3
7.1
7.3
7.3
7.1
7.3
7.3
7.1
7.1
7.1
7.1
7.1
7.1
7.1
7.1
7.1
7.4
7.2
6.5
6.9
8.0
8.0
7.2
7.2
7.2
7.2
7.2
7.2
7.2
7.2
7.2
7.2
7.2
7.2
7.9
7.9
7.6
7.3
7.1
7.1
7.7
7.7
7.7
7.7
7.7
7.6
7.6
7.6
6.5
7.8
7.8
7.8
7.8
7.8
7.8
6.8
6.8
6.7
6.3
6.7
6.5
6.7
6.4
6.5
6.5
6.5
6.5
6.5
6.5
6.5
6.5
6.5
7.8
7.8
6.9
7.6
7.7
7.7
7.7
7.7
7.8
7.7
7.8
7.8
7.8
7.8
7.8
7.8
7.8
7.8
6.5
6.6
6.4
6.3
6.4
6.6
6.3
6.6
6.3
6.6
6.3
6.6
6.3
6.6
6.3
6.6
6.3
6.4
6.5
6.3
6.4
6.5
6.3
6.4
6.5
6.3
6.5
6.3
6.8
6.4
6.5
6.8
6.8
6.5
6.5
6.5
6.5
6.6
6.6
6.6
6.6
6.6
6.6
6.6
6.9
7.3
5.9
7.3
6.2
6.0
6.1
6.1
6.1
6.1
6.2
6.2
6.2
8.1
8.1
6.1
8.3
6.0
6.1
6.0
6.0
6.0
6.0
6.0
6.0
6.0
6.1
6.0
6.1
6.1
6.0
6.1
6.0
6.1
6.1
8.5
8.5
8.5
8.5
7.1
6.0
6.1
6.1
6.5
6.5
6.6
6.6
6.6
6.6
8.4
8.4
8.4
8.3
8.5
8.5
8.4
8.4
8.5
8.4
8.4
8.5
8.3
8.5
8.3
8.5
8.3
8.5
8.5
8.4
8.4
8.4
8.4
8.4
8.4
8.4
8.5
8.1
8.1
8.2
8.2
8.1
8.2
8.2
8.2
8.2
8.2
8.1
8.1
8.1
8.0
8.0
8.0
8.0
8.0
8.0
8.0
8.1
8.2
8.2
8.2
8.2
8.0
8.0
8.1
8.0
8.1
8.1
8.0
8.1
8.1
8.1
