Physical Activity
0 374
42.0
60.0
60.0
30.0
30.0
30.0
40.0
75.0
75.0
75.0
30.0
75.0
30.0
30.0
30.0
30.0
40.0
30.0
40.0
75.0
75.0
75.0
75.0
75.0
75.0
75.0
75.0
75.0
75.0
75.0
35.0
35.0
75.0
30.0
75.0
30.0
30.0
75.0
75.0
75.0
75.0
75.0
75.0
75.0
75.0
75.0
75.0
75.0
75.0
75.0
45.0
45.0
30.0
75.0
30.0
30.0
75.0
30.0
30.0
75.0
30.0
30.0
30.0
30.0
30.0
30.0
50.0
30.0
50.0
50.0
30.0
30.0
30.0
30.0
30.0
30.0
30.0
30.0
30.0
30.0
32.0
32.0
40.0
40.0
60.0
60.0
60.0
60.0
60.0
60.0
60.0
60.0
60.0
60.0
60.0
60.0
60.0
60.0
60.0
60.0
60.0
60.0
60.0
35.0
60.0
35.0
42.0
70.0
70.0
60.0
60.0
60.0
60.0
60.0
60.0
60.0
60.0
60.0
60.0
60.0
60.0
60.0
60.0
60.0
60.0
60.0
60.0
60.0
60.0
60.0
60.0
60.0
60.0
60.0
60.0
60.0
60.0
60.0
60.0
60.0
60.0
60.0
60.0
60.0
60.0
60.0
60.0
40.0
50.0
80.0
80.0
60.0
60.0
60.0
60.0
60.0
60.0
60.0
60.0
60.0
60.0
55.0
55.0
90.0
90.0
90.0
70.0
55.0
55.0
90.0
90.0
90.0
90.0
90.0
90.0
90.0
90.0
45.0
90.0
90.0
90.0
90.0
90.0
90.0
45.0
45.0
45.0
45.0
45.0
45.0
45.0
45.0
45.0
45.0
45.0
45.0
45.0
45.0
45.0
45.0
45.0
90.0
90.0
47.0
75.0
90.0
90.0
90.0
90.0
90.0
90.0
90.0
90.0
90.0
90.0
90.0
90.0
90.0
90.0
45.0
45.0
45.0
45.0
45.0
45.0
45.0
45.0
45.0
45.0
45.0
45.0
45.0
45.0
45.0
45.0
45.0
45.0
45.0
45.0
45.0
45.0
45.0
45.0
45.0
45.0
45.0
45.0
45.0
45.0
45.0
30.0
30.0
45.0
45.0
45.0
45.0
45.0
45.0
45.0
45.0
45.0
45.0
45.0
55.0
65.0
90.0
65.0
90.0
90.0
90.0
90.0
90.0
90.0
90.0
90.0
90.0
85.0
85.0
90.0
30.0
90.0
90.0
90.0
90.0
90.0
90.0
90.0
90.0
90.0
90.0
90.0
90.0
90.0
90.0
90.0
90.0
90.0
90.0
30.0
30.0
30.0
30.0
55.0
90.0
90.0
90.0
45.0
45.0
45.0
45.0
45.0
45.0
30.0
30.0
30.0
30.0
30.0
30.0
30.0
30.0
30.0
30.0
30.0
30.0
30.0
30.0
30.0
30.0
30.0
30.0
30.0
30.0
30.0
30.0
30.0
30.0
30.0
30.0
30.0
75.0
75.0
90.0
90.0
75.0
75.0
75.0
75.0
75.0
75.0
75.0
75.0
75.0
75.0
75.0
75.0
75.0
75.0
75.0
75.0
75.0
75.0
75.0
75.0
75.0
75.0
75.0
75.0
75.0
75.0
75.0
75.0
75.0
75.0
75.0
