diastolic
0 374
83.0
80.0
80.0
90.0
90.0
90.0
90.0
80.0
80.0
80.0
80.0
80.0
80.0
80.0
80.0
80.0
87.0
80.0
87.0
80.0
80.0
80.0
80.0
80.0
80.0
80.0
80.0
80.0
80.0
80.0
86.0
86.0
76.0
80.0
80.0
80.0
80.0
80.0
80.0
80.0
80.0
80.0
80.0
80.0
80.0
80.0
80.0
80.0
80.0
80.0
80.0
80.0
80.0
80.0
80.0
80.0
80.0
80.0
80.0
80.0
80.0
80.0
80.0
80.0
80.0
80.0
76.0
80.0
85.0
85.0
80.0
80.0
80.0
80.0
80.0
80.0
80.0
80.0
80.0
80.0
86.0
86.0
84.0
84.0
80.0
75.0
80.0
80.0
80.0
80.0
80.0
80.0
80.0
88.0
75.0
75.0
75.0
75.0
75.0
75.0
75.0
75.0
75.0
84.0
75.0
84.0
83.0
80.0
80.0
85.0
75.0
85.0
75.0
85.0
75.0
75.0
75.0
75.0
75.0
75.0
75.0
75.0
75.0
75.0
75.0
80.0
85.0
75.0
85.0
85.0
75.0
85.0
85.0
75.0
85.0
85.0
75.0
85.0
75.0
85.0
75.0
85.0
75.0
75.0
85.0
88.0
85.0
87.0
85.0
78.0
78.0
85.0
85.0
85.0
85.0
85.0
85.0
85.0
85.0
85.0
85.0
77.0
77.0
85.0
85.0
85.0
79.0
82.0
82.0
85.0
85.0
85.0
85.0
85.0
85.0
85.0
85.0
85.0
85.0
85.0
85.0
85.0
85.0
85.0
85.0
85.0
90.0
85.0
90.0
85.0
90.0
85.0
85.0
85.0
85.0
85.0
85.0
85.0
85.0
85.0
85.0
85.0
85.0
76.0
80.0
85.0
85.0
85.0
85.0
85.0
85.0
85.0
85.0
85.0
85.0
85.0
85.0
85.0
85.0
85.0
90.0
85.0
85.0
85.0
90.0
85.0
90.0
85.0
90.0
85.0
90.0
85.0
90.0
85.0
90.0
85.0
85.0
90.0
85.0
85.0
90.0
85.0
85.0
90.0
85.0
90.0
85.0
85.0
85.0
85.0
90.0
90.0
90.0
90.0
90.0
90.0
90.0
90.0
90.0
90.0
90.0
90.0
90.0
82.0
92.0
95.0
92.0
95.0
95.0
95.0
95.0
95.0
95.0
95.0
95.0
95.0
91.0
91.0
95.0
80.0
95.0
95.0
95.0
95.0
95.0
95.0
95.0
95.0
95.0
95.0
95.0
95.0
95.0
95.0
95.0
95.0
95.0
95.0
80.0
80.0
80.0
80.0
82.0
95.0
95.0
95.0
85.0
85.0
85.0
85.0
85.0
85.0
80.0
80.0
80.0
80.0
80.0
80.0
80.0
80.0
80.0
80.0
80.0
80.0
80.0
80.0
80.0
80.0
80.0
80.0
80.0
80.0
80.0
80.0
80.0
80.0
80.0
80.0
80.0
95.0
95.0
75.0
75.0
95.0
95.0
95.0
95.0
95.0
95.0
95.0
95.0
95.0
95.0
95.0
95.0
95.0
95.0
95.0
95.0
95.0
95.0
95.0
95.0
95.0
95.0
95.0
95.0
95.0
95.0
95.0
95.0
95.0
95.0
95.0
