systolic
0 374
126.0
125.0
125.0
140.0
140.0
140.0
140.0
120.0
120.0
120.0
120.0
120.0
120.0
120.0
120.0
120.0
132.0
120.0
132.0
120.0
120.0
120.0
120.0
120.0
120.0
120.0
120.0
120.0
120.0
120.0
130.0
130.0
117.0
125.0
120.0
125.0
125.0
120.0
120.0
120.0
120.0
120.0
120.0
120.0
120.0
120.0
120.0
120.0
120.0
120.0
120.0
120.0
125.0
120.0
125.0
125.0
120.0
125.0
125.0
120.0
125.0
125.0
125.0
125.0
125.0
125.0
118.0
125.0
128.0
128.0
125.0
125.0
125.0
125.0
125.0
125.0
125.0
125.0
125.0
125.0
131.0
131.0
128.0
128.0
120.0
115.0
125.0
125.0
125.0
125.0
125.0
125.0
120.0
135.0
115.0
115.0
115.0
115.0
115.0
115.0
115.0
115.0
115.0
129.0
115.0
129.0
126.0
120.0
120.0
130.0
115.0
130.0
115.0
130.0
115.0
115.0
115.0
115.0
115.0
115.0
115.0
115.0
115.0
115.0
115.0
120.0
130.0
115.0
130.0
130.0
115.0
130.0
130.0
115.0
130.0
130.0
115.0
130.0
115.0
130.0
115.0
130.0
115.0
115.0
130.0
135.0
130.0
132.0
128.0
115.0
115.0
130.0
130.0
130.0
130.0
130.0
130.0
130.0
130.0
130.0
130.0
119.0
119.0
130.0
130.0
130.0
121.0
125.0
125.0
130.0
130.0
130.0
130.0
130.0
130.0
130.0
130.0
130.0
130.0
130.0
130.0
130.0
130.0
130.0
130.0
130.0
135.0
130.0
135.0
130.0
135.0
130.0
130.0
130.0
130.0
130.0
130.0
130.0
130.0
130.0
130.0
130.0
130.0
117.0
122.0
130.0
130.0
130.0
130.0
130.0
130.0
130.0
130.0
130.0
130.0
130.0
130.0
130.0
130.0
130.0
135.0
130.0
130.0
130.0
135.0
130.0
135.0
130.0
135.0
130.0
135.0
130.0
135.0
130.0
135.0
130.0
130.0
135.0
130.0
130.0
135.0
130.0
130.0
135.0
130.0
135.0
130.0
130.0
130.0
130.0
135.0
135.0
135.0
135.0
135.0
135.0
135.0
135.0
135.0
135.0
135.0
135.0
135.0
125.0
142.0
140.0
142.0
140.0
140.0
140.0
140.0
140.0
140.0
140.0
140.0
140.0
139.0
139.0
140.0
125.0
140.0
140.0
140.0
140.0
140.0
140.0
140.0
140.0
140.0
140.0
140.0
140.0
140.0
140.0
140.0
140.0
140.0
140.0
125.0
125.0
125.0
125.0
125.0
140.0
140.0
140.0
130.0
130.0
130.0
130.0
130.0
130.0
125.0
125.0
125.0
125.0
125.0
125.0
125.0
125.0
125.0
125.0
125.0
125.0
125.0
125.0
125.0
125.0
125.0
125.0
125.0
125.0
125.0
125.0
125.0
125.0
125.0
125.0
125.0
140.0
140.0
118.0
118.0
140.0
140.0
140.0
140.0
140.0
140.0
140.0
140.0
140.0
140.0
140.0
140.0
140.0
140.0
140.0
140.0
140.0
140.0
140.0
140.0
140.0
140.0
140.0
140.0
140.0
140.0
140.0
140.0
140.0
140.0
140.0
