Job List
0 374
7
9
9
11
11
7
5
9
9
9
9
9
9
9
9
9
10
9
10
9
9
9
9
9
9
9
9
9
9
9
10
10
10
9
9
9
9
9
9
9
9
9
9
9
9
9
9
9
9
9
1
1
9
9
9
9
9
9
9
9
9
9
9
9
9
9
2
9
3
3
9
9
9
9
9
9
9
9
9
9
3
3
5
5
7
2
1
1
1
1
1
1
7
6
2
2
2
2
5
5
5
5
5
5
5
5
10
1
1
6
2
6
2
6
2
2
2
2
2
2
2
2
2
2
2
10
6
2
6
6
2
6
6
2
6
6
2
6
2
6
2
6
2
2
6
6
6
1
6
2
2
6
6
6
6
6
6
6
6
6
6
2
2
6
6
6
1
6
6
6
6
6
6
6
6
6
6
8
6
6
6
6
6
6
5
5
5
8
5
8
5
8
8
8
8
8
8
8
8
8
8
1
1
1
1
1
1
1
1
1
1
1
1
1
1
1
1
1
1
8
5
8
8
8
5
8
5
8
5
8
5
8
5
8
5
8
8
5
8
8
5
8
8
5
8
5
8
1
8
8
5
5
5
5
5
5
5
5
5
5
5
5
5
4
9
10
9
10
10
10
10
10
10
10
10
10
9
9
10
1
10
10
10
10
10
10
10
10
10
10
10
10
10
10
10
10
10
10
1
1
1
1
10
10
10
10
2
2
2
2
2
2
1
1
1
1
1
1
1
1
1
1
1
1
1
1
1
1
1
1
1
1
1
1
1
1
1
1
1
10
10
9
9
10
10
10
10
10
10
10
10
10
10
10
10
10
10
10
10
10
10
10
10
10
10
10
10
10
10
10
10
10
10
10
