heartrate
0 374
77.0
75.0
75.0
85.0
85.0
85.0
82.0
70.0
70.0
70.0
70.0
70.0
70.0
70.0
70.0
70.0
80.0
70.0
80.0
70.0
70.0
70.0
70.0
70.0
70.0
70.0
70.0
70.0
70.0
70.0
78.0
78.0
69.0
72.0
70.0
72.0
72.0
70.0
70.0
70.0
70.0
70.0
70.0
70.0
70.0
70.0
70.0
70.0
70.0
70.0
70.0
70.0
72.0
70.0
72.0
72.0
70.0
72.0
72.0
70.0
72.0
72.0
72.0
72.0
72.0
72.0
68.0
72.0
76.0
76.0
72.0
72.0
72.0
72.0
72.0
72.0
72.0
72.0
72.0
72.0
81.0
81.0
70.0
70.0
70.0
68.0
65.0
65.0
65.0
65.0
65.0
65.0
70.0
84.0
68.0
68.0
68.0
68.0
68.0
68.0
68.0
68.0
68.0
74.0
68.0
74.0
77.0
68.0
68.0
68.0
68.0
68.0
68.0
68.0
68.0
68.0
68.0
68.0
68.0
68.0
68.0
68.0
68.0
68.0
68.0
70.0
68.0
68.0
68.0
68.0
68.0
68.0
68.0
68.0
68.0
68.0
68.0
68.0
68.0
68.0
68.0
68.0
68.0
68.0
68.0
84.0
68.0
80.0
75.0
67.0
67.0
68.0
68.0
68.0
68.0
68.0
68.0
68.0
68.0
68.0
68.0
73.0
73.0
68.0
68.0
70.0
72.0
72.0
72.0
70.0
70.0
70.0
70.0
70.0
70.0
70.0
70.0
72.0
70.0
70.0
70.0
70.0
70.0
70.0
78.0
78.0
65.0
72.0
65.0
72.0
65.0
72.0
72.0
72.0
72.0
72.0
72.0
72.0
72.0
72.0
72.0
70.0
70.0
69.0
68.0
70.0
70.0
70.0
70.0
70.0
70.0
70.0
70.0
70.0
70.0
70.0
70.0
70.0
70.0
72.0
65.0
72.0
72.0
72.0
65.0
72.0
65.0
72.0
65.0
72.0
65.0
72.0
65.0
72.0
65.0
72.0
72.0
65.0
72.0
72.0
65.0
72.0
72.0
65.0
72.0
65.0
72.0
78.0
72.0
72.0
65.0
65.0
65.0
65.0
65.0
65.0
65.0
65.0
65.0
65.0
65.0
65.0
65.0
75.0
83.0
75.0
83.0
75.0
75.0
75.0
75.0
75.0
75.0
75.0
75.0
75.0
86.0
86.0
75.0
65.0
75.0
75.0
75.0
75.0
75.0
75.0
75.0
75.0
75.0
75.0
75.0
75.0
75.0
75.0
75.0
75.0
75.0
75.0
65.0
65.0
65.0
65.0
72.0
75.0
75.0
75.0
72.0
72.0
72.0
72.0
72.0
72.0
65.0
65.0
65.0
65.0
65.0
65.0
65.0
65.0
65.0
65.0
65.0
65.0
65.0
65.0
65.0
65.0
65.0
65.0
65.0
65.0
65.0
65.0
65.0
65.0
65.0
65.0
65.0
72.0
72.0
65.0
65.0
68.0
68.0
68.0
68.0
68.0
68.0
68.0
68.0
68.0
68.0
68.0
68.0
68.0
68.0
68.0
68.0
68.0
68.0
68.0
68.0
68.0
68.0
68.0
68.0
68.0
68.0
68.0
68.0
68.0
68.0
68.0
