diastolic
0 400
70.0
86.0
70.0
72.0
78.0
60.0
70.0
87.0
63.0
84.0
92.0
66.0
90.0
73.0
81.0
79.0
78.0
65.0
65.0
63.0
75.0
77.0
86.0
78.0
77.0
85.0
71.0
86.0
73.0
63.0
60.0
74.0
67.0
86.0
72.0
82.0
76.0
70.0
69.0
82.0
77.0
60.0
71.0
72.0
77.0
73.0
67.0
60.0
73.0
77.0
88.0
84.0
67.0
74.0
76.0
80.0
86.0
96.0
77.0
71.0
76.0
73.0
74.0
81.0
60.0
69.0
63.0
76.0
95.0
60.0
74.0
64.0
71.0
73.0
76.0
60.0
69.0
72.0
66.0
78.0
73.0
66.0
86.0
80.0
66.0
74.0
77.0
81.0
77.0
70.0
61.0
73.0
61.0
69.0
76.0
63.0
89.0
78.0
67.0
73.0
93.0
77.0
60.0
64.0
81.0
67.0
73.0
68.0
70.0
77.0
60.0
62.0
68.0
60.0
84.0
60.0
85.0
75.0
81.0
68.0
79.0
62.0
62.0
72.0
88.0
69.0
82.0
69.0
64.0
82.0
87.0
60.0
93.0
60.0
71.0
80.0
77.0
72.0
70.0
64.0
61.0
87.0
74.0
64.0
81.0
62.0
95.0
74.0
63.0
65.0
76.0
86.0
70.0
64.0
91.0
60.0
82.0
80.0
81.0
76.0
84.0
74.0
79.0
77.0
75.0
71.0
80.0
69.0
74.0
72.0
60.0
86.0
60.0
67.0
93.0
73.0
67.0
73.0
71.0
64.0
87.0
61.0
73.0
81.0
76.0
66.0
76.0
66.0
63.0
73.0
73.0
70.0
63.0
72.0
73.0
63.0
67.0
82.0
92.0
76.0
80.0
65.0
79.0
68.0
76.0
64.0
72.0
68.0
86.0
78.0
69.0
71.0
66.0
84.0
63.0
70.0
75.0
71.0
71.0
69.0
81.0
70.0
94.0
75.0
83.0
70.0
82.0
66.0
87.0
65.0
60.0
64.0
68.0
77.0
69.0
89.0
96.0
64.0
66.0
74.0
60.0
86.0
92.0
76.0
65.0
86.0
66.0
85.0
60.0
63.0
79.0
74.0
61.0
79.0
64.0
66.0
77.0
75.0
88.0
60.0
60.0
75.0
72.0
69.0
86.0
68.0
76.0
73.0
82.0
91.0
73.0
92.0
76.0
79.0
63.0
60.0
84.0
60.0
60.0
60.0
69.0
67.0
80.0
68.0
89.0
60.0
60.0
83.0
75.0
75.0
60.0
66.0
60.0
77.0
73.0
60.0
72.0
64.0
66.0
73.0
74.0
84.0
74.0
76.0
75.0
60.0
63.0
61.0
94.0
74.0
61.0
69.0
77.0
71.0
85.0
70.0
69.0
70.0
74.0
71.0
60.0
77.0
79.0
75.0
68.0
81.0
95.0
78.0
88.0
60.0
65.0
88.0
72.0
60.0
69.0
60.0
85.0
85.0
85.0
75.0
81.0
66.0
81.0
72.0
60.0
71.0
75.0
66.0
89.0
83.0
64.0
79.0
64.0
77.0
65.0
67.0
82.0
68.0
68.0
64.0
88.0
68.0
73.0
89.0
74.0
70.0
75.0
81.0
60.0
74.0
69.0
74.0
67.0
61.0
60.0
64.0
78.0
60.0
70.0
65.0
65.0
60.0
71.0
75.0
60.0
66.0
75.0
64.0
75.0
78.0
68.0
75.0
61.0
75.0
92.0
66.0
80.0
76.0
75.0
70.0
